TEXAS                                                                           
K            1.     STRE   1    1.        5.
             1.     STRE        2.        5.
K            1.     STRE   2    3.        1.
             1.     STRE        4.        2.
K                   STRE   3    4.        3.
K                   STRE   4    6.        5.
K          1.0000000BEND   5     2.        1.        5.
          -0.8090170BEND         5.        3.        1.
          -0.8090170BEND         5.        4.        2.
           0.3090170BEND         1.        4.        3.
           0.3090170BEND         2.        3.        4.
K          1.0000000TORS   6     1.        3.        4.        2.
           0.3090170TORS         3.        1.        5.        2.
           0.3090170TORS         4.        2.        5.        1.
          -0.8090170TORS         4.        3.        1.        5.
          -0.8090170TORS         3.        4.        2.        5.
K         -0.5877853TORS   7     3.        4.        2.        5.
           0.5877853TORS         4.        3.        1.        5.
           0.9510565TORS         4.        2.        5.        1.
          -0.9510565TORS         3.        1.        5.        2.
K            1.     OUT    8     6.        2.        1.        5.
K            1.     STRE   9    1.        5.
            -1.     STRE        2.        5.
K            1.     STRE  10    3.        1.
            -1.     STRE        4.        2.
K         -0.5877853BEND  11     5.        3.        1.
           0.5877853BEND         5.        4.        2.
           0.9510565BEND         1.        4.        3.
          -0.9510565BEND         2.        3.        4.
K            1.     BEND  12     1.        6.        5.
            -1.     BEND         2.        6.        5.
  0.50E+01  0.50E+01  0.50E+01  0.62E+01  0.62E+01  0.55E+01  0.15E+01  0.15E+01
  0.33E+00  0.33E+00  0.10E+01  0.10E+01
